.Random.seed <-
c(403L, 10L, -724261848L, 469088299L, -17925559L, -428027048L, 
-392798714L, -1860491295L, 947172723L, -575791646L, -1441623724L, 
746152023L, 1106439245L, 1375690724L, 2043080138L, -61082571L, 
1257296527L, 1582730134L, 2121226048L, 102644227L, -896540639L, 
-1005925616L, 1304176878L, -1390294887L, -903152341L, 1836610586L, 
-330783012L, 1870483167L, -1320277835L, -85418420L, 802849442L, 
-1148581379L, 1368015607L, 729146398L, 1643982552L, 1004556859L, 
944943065L, -1408961176L, -1856895850L, 102367761L, -415269949L, 
-1607653422L, 958009956L, -2014629465L, -386691331L, 283507444L, 
-1915187750L, -697925339L, -2043701185L, -1367779386L, 246885456L, 
503726195L, 1122899089L, 307848384L, -1143101794L, -2050205079L, 
278157979L, 1101649834L, -273267764L, -1774788977L, -1247592763L, 
836941436L, 860248786L, -2019512755L, -383433977L, 1194092270L, 
1586955208L, 768226507L, -983765719L, -1795990152L, 1466180262L, 
-1649294143L, -1290431149L, 164925954L, -1699919052L, 1303029943L, 
-1416286035L, -309613116L, 787635690L, -1632828843L, -1108415505L, 
239504374L, 1161272608L, 316863203L, 739926913L, 158365168L, 
-1321857906L, -1601326087L, 1542705547L, -2018488902L, 1508627644L, 
1168361471L, 477373781L, 1844360812L, -1192361278L, 1266550045L, 
1837808535L, 2040917758L, 580701368L, -1640096101L, 131943673L, 
-241979832L, 938002806L, 807481521L, -748428061L, -1987218510L, 
220498948L, 870256455L, 1058850333L, 1421008020L, -1766388678L, 
-1748621691L, 1791022943L, 147994598L, 294517360L, -84488813L, 
318257713L, 619837664L, -1027436162L, -23866359L, 2006537275L, 
-1576519158L, 1568719340L, 1011357295L, 1157274021L, 35004764L, 
-342803150L, 71246893L, -687465753L, -1291956210L, 1439818216L, 
1334420459L, -1694385015L, 645031960L, -649668794L, -1386543711L, 
592550963L, -1944161886L, -1509579628L, 569266967L, -2131141363L, 
1577442340L, -297145334L, -116108939L, -655464241L, -1589359658L, 
-1477819520L, -1709238333L, -841531039L, -830109744L, 1667305262L, 
-1692355879L, 1970376939L, 942899546L, -994284772L, -1855791585L, 
1913005685L, -1383476468L, -1505636638L, 1757537213L, 1026921527L, 
756659934L, -1142128104L, -1996272261L, 1437926681L, 1030425000L, 
1720384854L, -938279471L, -2091420285L, 1656056850L, -1938536540L, 
825671527L, 848100541L, 988404788L, 1761193882L, 201337829L, 
-1432017025L, 409736966L, 283484304L, 338245939L, 81415889L, 
-1479902080L, -266834594L, -1578147159L, 1082912091L, -838586518L, 
-1292900852L, 1898819151L, 1200317189L, -1937886276L, -1381185902L, 
-792754803L, 244946375L, 600254126L, 1659539208L, -1764274933L, 
-1784189975L, 1091439800L, -428307610L, 1754423297L, -275730797L, 
1786212674L, -1922179340L, -1012241673L, -1357636883L, -2058250876L, 
-989815894L, -684130027L, 2053131183L, -1285655626L, -752924192L, 
-507516637L, 1272053313L, -1318162128L, 614769486L, -139933255L, 
1240413131L, 1154492538L, -563734148L, -773355073L, -610965867L, 
1880603820L, -1771247998L, 1916874333L, 1778078039L, -1422296002L, 
1248268408L, 1728584539L, -227301703L, -283303092L, -514295840L, 
-1931397214L, 1414870952L, -407892596L, 795570364L, 1600205170L, 
592014576L, -2085507004L, -198272680L, 2016206394L, -654140560L, 
889690172L, 1519236884L, 555425218L, -201927968L, 379940732L, 
-133128496L, -1470050142L, 310445096L, 1410303244L, 380751804L, 
-1481150158L, -1490046528L, -1120937420L, -664063032L, -1113042758L, 
592824720L, 1521625580L, 1649449556L, 1711515794L, -691960032L, 
1948561868L, -914061856L, 1448908482L, 1718180904L, -1833952596L, 
-356019012L, -1305910798L, 1696457008L, 1416584356L, 877416120L, 
-991613606L, -772092528L, -911262852L, 296190228L, -1874668734L, 
983968512L, 1509038012L, -1519843504L, 238809890L, -2138016440L, 
-1689615860L, 1991333980L, 1037366482L, -347135488L, -612608684L, 
1353687528L, -894759942L, -1318072112L, 566381868L, 1045758708L, 
-928894574L, -1292270496L, 573410572L, -1649753376L, -28094110L, 
428833448L, 863789644L, 655927676L, -315925198L, -536330128L, 
-546431164L, -913943080L, -803103622L, 1573867056L, 728830652L, 
1663457108L, -1413008318L, -388047456L, 745573052L, -900296240L, 
587158882L, -666779672L, -1925382196L, 1877223164L, 459422194L, 
1487319168L, 1744133364L, -821182840L, 1644277562L, -227509424L, 
-1876631956L, -2044512108L, 1133291858L, -600090912L, 163879628L, 
262385824L, 386046850L, 1345377000L, 278688492L, -390951876L, 
-428316046L, 727336048L, 1608367652L, -1578140616L, 488146970L, 
-824853808L, -744010692L, 797377684L, 1575836802L, -626344000L, 
1161179452L, 218028688L, 17900578L, -608287736L, -864450420L, 
25981980L, 1250193042L, 470484096L, 1968181268L, -23519960L, 
327216698L, -404927280L, -738605972L, -417275212L, -82325486L, 
393484256L, 122623948L, -1485832736L, -1773455838L, -2028183256L, 
-2098898676L, 1244595772L, 829026546L, 878912240L, -846773436L, 
-577777064L, -1096230342L, -1789690128L, -1610390340L, 592074260L, 
-748013374L, 2036152416L, -1570433668L, 288937168L, -512041950L, 
583754408L, 842176396L, 1971024316L, 186594354L, -1595328704L, 
-1561290572L, 1338821448L, 241490618L, 1785239312L, -1312055060L, 
-21527468L, 1300434706L, -682550368L, -1567166516L, 477776736L, 
1638846658L, -563943896L, 1121600940L, 907583292L, -1216997518L, 
-401691856L, -675794396L, -1307600840L, 660907226L, -1944950384L, 
1789363964L, -1007693932L, -2120283326L, -9100800L, 1296570940L, 
-597377456L, 186972834L, 206674760L, -1567096308L, 1026923740L, 
647613010L, 411117696L, -284095660L, -861103640L, 49314554L, 
680675152L, -1611138004L, 644908404L, 1503205010L, -811144608L, 
2117874316L, 851872608L, -1162292510L, -909049688L, -581914420L, 
-1804355076L, -1326260302L, -1580497424L, -349436476L, 1286549336L, 
-83829894L, 945001904L, -1653098052L, 134666324L, 1312517058L, 
73220896L, -434257988L, 680176208L, 293182946L, 1642910056L, 
306789708L, 1173346556L, 1383920370L, -1971190016L, -214653324L, 
890329096L, -1432639046L, -242268208L, -580142612L, -9986156L, 
1442894546L, 2007686752L, 637072716L, -656243424L, -61762942L, 
877674924L, -829529670L, 369491823L, 181575929L, 304936334L, 
740583516L, -988558643L, 1768664631L, 1043862720L, -370152546L, 
-1197041557L, -1812875283L, -426468774L, 1140243736L, -1996092799L, 
-58689485L, -1674879404L, -1051215262L, 1861160183L, 1593734977L, 
-1554778682L, 822454020L, 591327925L, -1002066529L, 1072685560L, 
-1580077098L, 927804003L, 837177893L, -1211467326L, 949059248L, 
-1781741863L, -1875984309L, -695492932L, -1585263382L, -392963809L, 
1685424553L, 920071998L, -1951942100L, 567494781L, 172210887L, 
-1739209808L, 1092965838L, 719873787L, -1997234851L, 1274648202L, 
514225320L, 1518481425L, 1838391555L, -685896700L, -816839630L, 
-1358500729L, -1393473327L, 1977231958L, 540979764L, -1370375867L, 
-1919540337L, 538797832L, 1007554854L, 2011214291L, -1923409099L, 
-934536558L, 1669185120L, 913049545L, -945064197L, -1485039412L, 
-1026682534L, 1902910543L, 958484761L, -2062210258L, 66696508L, 
651244205L, -2128884393L, 1100786848L, -786675202L, 1809142987L, 
1400357581L, -946397702L, 749071928L, 1688105953L, -395322221L, 
-1183271244L, -96883774L, -1830711337L, -326852575L, 1886709734L, 
1454727908L, -926271979L, 1929498175L, -1951212072L, -387292170L, 
-1553933309L, -1644466363L, 2136296290L, -303868720L, -530694151L, 
-954047701L, -528856932L, 1748895434L, -892993L, 1190611721L, 
-1290574818L, -2138083892L, 1082640285L, 164893223L, -1168015280L, 
-143718162L, -1145940581L, -1356309507L, 927360746L, 627790216L, 
-800358607L, -635457629L, -821516380L, 1147867730L, -1677981273L, 
-1098293775L, 1713064246L, 82313684L, -222714011L, 1412077423L, 
-418563672L, -1155498234L, -350901709L, -1038141291L, 437446898L, 
-1772875456L, 484564649L, 930744091L, -1386417940L, -818737926L, 
1954997551L, -2115419847L, 2131845966L, 835549596L, -1676012787L, 
1769575799L, 900866432L, -909641762L, 714322091L, -1682361427L, 
